# ombh2 omegam H0 w wa Mb
1.795916356031242817e-08 -1.097426453815541981e-07 4.363093883905311076e-06 -9.358755391461776678e-07 7.866493006799363016e-06 6.011958479406722077e-08
-1.097426453815541981e-07 2.498101661524670174e-05 -2.546066358444632523e-03 1.666708622636232972e-04 -3.916376710839233671e-04 -5.036608249475093099e-05
4.363093883905311076e-06 -2.546066358444632523e-03 3.015970854424787073e-01 -1.581999241277337251e-02 2.037170160515426945e-02 6.313939671299331410e-03
-9.358755391461776678e-07 1.666708622636232972e-04 -1.581999241277337251e-02 3.601814039400940033e-03 -1.245363000038787922e-02 -4.815319073581987705e-05
7.866493006799363016e-06 -3.916376710839233671e-04 2.037170160515426945e-02 -1.245363000038787922e-02 5.109852726920584981e-02 -7.142317287199941370e-04
6.011958479406722077e-08 -5.036608249475093099e-05 6.313939671299331410e-03 -4.815319073581987705e-05 -7.142317287199941370e-04 1.755174874754858471e-04
