# ombh2 omegam H0 Mb w1 w2 w3 w4
1.875019563335413116e-08 -1.242472439827662403e-07 1.593712474532680197e-06 9.073713850597995992e-08 4.325243009854907449e-07 3.785399682318787268e-08 7.354999822345311913e-06 2.061370053009871969e-05
-1.242472439827662403e-07 2.467133732330189480e-05 -2.416100719167112599e-03 -4.955179123680854254e-05 1.053720293232128914e-04 7.010685436386625735e-05 -9.566565624922112937e-05 -3.973076192982921825e-04
1.593712474532680197e-06 -2.416100719167112599e-03 2.898755454751331673e-01 6.057997089965094263e-03 -1.296206316516619779e-02 -7.554127382008612134e-03 -1.057590805732970714e-02 -2.372623109701766861e-02
9.073713850597995992e-08 -4.955179123680854254e-05 6.057997089965094263e-03 1.654065115099370492e-04 -8.761019816474166532e-05 -4.767363754250080409e-04 -1.770259112322406577e-04 -1.015151883012275005e-03
4.325243009854907449e-07 1.053720293232128914e-04 -1.296206316516619779e-02 -8.761019816474166532e-05 1.947829982350893219e-03 -2.289485631858676016e-03 1.670958708374016728e-03 -1.360366611389332830e-03
3.785399682318787268e-08 7.010685436386625735e-05 -7.554127382008612134e-03 -4.767363754250080409e-04 -2.289485631858676016e-03 9.196301991065034334e-03 -1.076026148984200390e-02 4.364602542664782446e-03
7.354999822345311913e-06 -9.566565624922111581e-05 -1.057590805732970714e-02 -1.770259112322406577e-04 1.670958708374016728e-03 -1.076026148984200216e-02 4.234378437159808800e-02 -2.683678553445627973e-02
2.061370053009871969e-05 -3.973076192982921825e-04 -2.372623109701767208e-02 -1.015151883012275005e-03 -1.360366611389332830e-03 4.364602542664783313e-03 -2.683678553445627279e-02 3.811242466012637053e-01
