# ombh2 omegam H0 w wa Mb
1.750105451527965862e-08 -1.190337757881849727e-07 5.161097801546610249e-06 -1.094662272036626571e-06 9.286415134509108928e-06 8.214722303631034627e-08
-1.190337757881849727e-07 2.602516845721327920e-05 -2.634080249344783117e-03 1.731389221710098638e-04 -4.378063086524496298e-04 -5.175473860464794890e-05
5.161097801546610249e-06 -2.634080249344783117e-03 3.064940862505277641e-01 -1.609727594549424656e-02 2.218878757709652136e-02 6.393868716322068102e-03
-1.094662272036626571e-06 1.731389221710098638e-04 -1.609727594549424656e-02 3.105315897871298129e-03 -1.146762640293204349e-02 -1.016303811889219676e-04
9.286415134509108928e-06 -4.378063086524496298e-04 2.218878757709652136e-02 -1.146762640293204349e-02 5.223307214312027796e-02 -5.793198042190211448e-04
8.214722303631034627e-08 -5.175473860464794890e-05 6.393868716322068102e-03 -1.016303811889219676e-04 -5.793198042190211448e-04 1.715693637613646141e-04
