# ombh2 omegam H0 Mb w1 w2 w3 w4 w5 w6 gp_sigf gp_ell
1.739332802921808484e-08 -1.650049383460947780e-07 6.639292752107273413e-06 9.712144578681066446e-08 -7.558115227425438149e-07 6.233010111612293243e-07 3.080407797971245660e-06 6.379443842366638921e-06 9.636007139169715230e-06 1.174991070160588066e-05 -1.944457258031097649e-05 -5.988772728009517594e-06
-1.650049383460947780e-07 2.621679193375638998e-05 -2.490539307943127108e-03 -4.929325262104169720e-05 1.442281078817366814e-04 6.714617682938224291e-05 -2.731948158777600260e-05 -1.293480365397142295e-04 -2.200855531671846023e-04 -2.817054478684983512e-04 5.229644972393895311e-04 1.804215513044280796e-05
6.639292752107273413e-06 -2.490539307943127108e-03 2.772925003822481194e-01 5.718100400113241416e-03 -1.472057116754002526e-02 -8.841745294170482924e-03 -4.638573037186971386e-03 -1.785353566122028970e-03 4.052187219352656870e-04 2.383198963045906477e-03 -3.032198199853709461e-02 -6.093915939350680669e-03
9.712144578681066446e-08 -4.929325262104169720e-05 5.718100400113241416e-03 1.513465308335703891e-04 -1.158854298127363523e-04 -1.980985730197137504e-04 -2.517312048316709314e-04 -2.928292303867947497e-04 -3.379120071985063306e-04 -3.723313275021058349e-04 1.536307109562945792e-06 5.223232212521292410e-04
-7.558115227425438149e-07 1.442281078817366814e-04 -1.472057116754002526e-02 -1.158854298127363523e-04 2.872815483856457422e-03 -1.746914025931444551e-05 -1.039470397003981793e-03 -1.188371483350079277e-03 -1.499327562749054989e-03 -2.049847126776743658e-03 6.090461379525677517e-03 8.993090472130177426e-03
6.233010111612293243e-07 6.714617682938224291e-05 -8.841745294170482924e-03 -1.980985730197137504e-04 -1.746914025931444551e-05 8.301011034691468515e-04 3.756238192792763159e-04 -6.381690419157948994e-04 -1.366069663486638164e-03 -1.718161914706289178e-03 1.714599755722556827e-03 -2.302997047139491733e-03
3.080407797971245660e-06 -2.731948158777600260e-05 -4.638573037186971386e-03 -2.517312048316709314e-04 -1.039470397003981793e-03 3.756238192792762617e-04 2.655285370704143881e-03 4.473082334335443631e-03 5.154119780699347592e-03 5.183394837601089204e-03 -6.548546510614242436e-03 1.312238916794649822e-03
6.379443842366638074e-06 -1.293480365397142295e-04 -1.785353566122028970e-03 -2.928292303867947497e-04 -1.188371483350079277e-03 -6.381690419157947909e-04 4.473082334335443631e-03 1.227220421256318937e-02 1.892927048339155746e-02 2.208190492368174510e-02 -2.227830734431249238e-02 5.612337201383479565e-03
9.636007139169715230e-06 -2.200855531671846023e-04 4.052187219352645486e-04 -3.379120071985063306e-04 -1.499327562749055206e-03 -1.366069663486638164e-03 5.154119780699347592e-03 1.892927048339155746e-02 3.565438580383727823e-02 4.724916630225378666e-02 -4.595496899268547430e-02 -5.245260270977442595e-03
1.174991070160588066e-05 -2.817054478684982970e-04 2.383198963045906477e-03 -3.723313275021058891e-04 -2.049847126776743224e-03 -1.718161914706289395e-03 5.183394837601090072e-03 2.208190492368174510e-02 4.724916630225379360e-02 7.191689877497901839e-02 -7.252336258655885104e-02 -3.342925553278427997e-02
-1.944457258031097649e-05 5.229644972393894227e-04 -3.032198199853709461e-02 1.536307109562910216e-06 6.090461379525679252e-03 1.714599755722556610e-03 -6.548546510614242436e-03 -2.227830734431249238e-02 -4.595496899268547430e-02 -7.252336258655886492e-02 2.357950196834195655e-01 1.457571680259338309e-01
-5.988772728009517594e-06 1.804215513044290622e-05 -6.093915939350677199e-03 5.223232212521292410e-04 8.993090472130179161e-03 -2.302997047139491733e-03 1.312238916794649388e-03 5.612337201383479565e-03 -5.245260270977443462e-03 -3.342925553278427997e-02 1.457571680259338309e-01 4.556643701555143089e-01
