# ombh2 omegam H0 Mb w1 w2 w3 w4 w5 w6 gp_sigf gp_ell
2.107343018413063688e-08 -2.000588517510309415e-07 6.181083547837169804e-06 5.293214303888449967e-08 -1.153692038106809992e-06 9.852108468139191114e-07 4.259877122211036024e-06 8.660517110887850560e-06 1.291021694287048254e-05 1.593931645425254010e-05 -1.605131014886520088e-05 -1.180770962274210082e-05
-2.000588517510309415e-07 2.408380962580829664e-05 -2.319157524605913040e-03 -4.609491105694502370e-05 1.354771006441757232e-04 6.028357208347109560e-05 -3.097636163704804886e-05 -1.393888317458145845e-04 -2.348285439199351019e-04 -2.936975970777169027e-04 1.774112395142099920e-04 -1.026738298652051705e-05
6.181083547837169804e-06 -2.319157524605913040e-03 2.768431294011254873e-01 5.911870187748189016e-03 -1.340172207654481695e-02 -8.878395399068487320e-03 -7.445555785520865770e-03 -8.267579516853557076e-03 -9.413798934256050258e-03 -9.934787037393434314e-03 1.870558207701776901e-02 1.115857404540418658e-02
5.293214303888449967e-08 -4.609491105694502370e-05 5.911870187748189016e-03 1.631109192726607079e-04 -6.086034072435137193e-05 -2.236383081122102136e-04 -3.625709102904934211e-04 -4.817888927078038132e-04 -5.946293215494520513e-04 -6.675104624283203104e-04 1.130316958951012914e-03 7.170550843517244696e-04
-1.153692038106809992e-06 1.354771006441757232e-04 -1.340172207654481695e-02 -6.086034072435137193e-05 3.254818676351750682e-03 -3.558626672341964718e-04 -1.383621012487911122e-03 -1.113245681391511911e-03 -9.761552533162937573e-04 -9.562073807766227314e-04 4.163159208135390477e-03 6.067038368587593898e-03
9.852108468139191114e-07 6.028357208347109560e-05 -8.878395399068487320e-03 -2.236383081122102136e-04 -3.558626672341964176e-04 1.048413240018857646e-03 6.772304498186232325e-04 -6.013348727792009341e-04 -1.477153659928041613e-03 -1.941011452803102820e-03 3.414053103972389735e-04 -3.712213146536066499e-03
4.259877122211036024e-06 -3.097636163704804886e-05 -7.445555785520865770e-03 -3.625709102904934211e-04 -1.383621012487911122e-03 6.772304498186232325e-04 3.718148088278271524e-03 5.852122906922023991e-03 6.615036532036823805e-03 6.831913374056963577e-03 -8.016851754660081139e-03 -1.764795549591542624e-03
8.660517110887850560e-06 -1.393888317458145574e-04 -8.267579516853553606e-03 -4.817888927078038132e-04 -1.113245681391511911e-03 -6.013348727792009341e-04 5.852122906922023991e-03 1.769813622372265471e-02 2.672464663357000669e-02 2.998558367766089236e-02 -2.553844359664282290e-02 3.964747136727741345e-03
1.291021694287048254e-05 -2.348285439199351019e-04 -9.413798934256050258e-03 -5.946293215494520513e-04 -9.761552533162937573e-04 -1.477153659928041613e-03 6.615036532036823805e-03 2.672464663357000669e-02 5.108671442281084024e-02 6.762826437357646880e-02 -5.503693150475010704e-02 -8.255836103561531650e-03
1.593931645425254010e-05 -2.936975970777169027e-04 -9.934787037393437784e-03 -6.675104624283204188e-04 -9.562073807766227314e-04 -1.941011452803102603e-03 6.831913374056963577e-03 2.998558367766089236e-02 6.762826437357646880e-02 1.064844104753897014e-01 -8.922841862596904428e-02 -3.496910135815779058e-02
-1.605131014886520088e-05 1.774112395142100462e-04 1.870558207701777595e-02 1.130316958951012914e-03 4.163159208135390477e-03 3.414053103972390819e-04 -8.016851754660081139e-03 -2.553844359664283331e-02 -5.503693150475010704e-02 -8.922841862596904428e-02 2.490817769095491629e-01 1.738403803966371286e-01
-1.180770962274210251e-05 -1.026738298652046454e-05 1.115857404540418832e-02 7.170550843517246864e-04 6.067038368587593898e-03 -3.712213146536066499e-03 -1.764795549591543925e-03 3.964747136727741345e-03 -8.255836103561531650e-03 -3.496910135815779058e-02 1.738403803966371286e-01 3.205671391601291886e-01
