# ombh2 omegam H0 Mb w1 w2 w3 w4 w5 w6 gp_sigf
2.089221715023343861e-08 -2.001078667100730910e-07 7.565323955385027280e-06 1.574827480934071014e-08 -1.882336358016016893e-06 9.411946701362410398e-07 4.238825014334291159e-06 7.829308444698627984e-06 1.149060599422278415e-05 1.498258157820722175e-05 -2.181336695529009428e-05
-2.001078667100730910e-07 2.583307584857566191e-05 -2.412995800782847828e-03 -4.542588546412206814e-05 1.626127126168738161e-04 6.341939346559811281e-05 -4.639573103132642779e-05 -1.609898245758660561e-04 -2.739119336811114301e-04 -3.786688453236452027e-04 6.685991200591169178e-04
7.565323955385027280e-06 -2.412995800782847828e-03 2.772379855236679624e-01 5.800466646802238287e-03 -1.364507730024444761e-02 -9.764912177512855701e-03 -5.929436992086935775e-03 -2.344893125429862914e-03 8.144383725269575347e-04 3.417413053212436415e-03 -2.244376482428903433e-02
1.574827480934071014e-08 -4.542588546412206814e-05 5.800466646802238287e-03 1.617606283605022715e-04 -4.978506455360940470e-05 -2.091687847561109247e-04 -3.695629009810970584e-04 -5.224432762899085259e-04 -6.599110812125924281e-04 -7.753761884144773093e-04 8.093523998558931325e-04
-1.882336358016016893e-06 1.626127126168738161e-04 -1.364507730024444761e-02 -4.978506455360940470e-05 2.824934119532161378e-03 3.533239739172552786e-04 -1.945468195833395400e-03 -3.951429280264235656e-03 -5.576231119590020248e-03 -6.768858211667532453e-03 1.144576507437296102e-02
9.411946701362410398e-07 6.341939346559811281e-05 -9.764912177512855701e-03 -2.091687847561109247e-04 3.533239739172552786e-04 5.906924252364312202e-04 6.595672926173104912e-04 5.572130093001910218e-04 2.994908892276020008e-04 -8.119507936839884081e-05 4.815936558542753434e-04
4.238825014334291159e-06 -4.639573103132642779e-05 -5.929436992086935775e-03 -3.695629009810970584e-04 -1.945468195833395400e-03 6.595672926173104912e-04 3.348419107270229639e-03 5.965352973862254882e-03 8.359979956445776766e-03 1.040144508703102003e-02 -1.452917045235757945e-02
7.829308444698627984e-06 -1.609898245758660561e-04 -2.344893125429862481e-03 -5.224432762899085259e-04 -3.951429280264235656e-03 5.572130093001910218e-04 5.965352973862254882e-03 1.197522711038876558e-02 1.821525996964438315e-02 2.427672494038675757e-02 -3.286357588095370486e-02
1.149060599422278415e-05 -2.739119336811114301e-04 8.144383725269574263e-04 -6.599110812125924281e-04 -5.576231119590020248e-03 2.994908892276021092e-04 8.359979956445776766e-03 1.821525996964438315e-02 2.926406691343229685e-02 4.075169046260861128e-02 -5.343397386213667721e-02
1.498258157820722175e-05 -3.786688453236452027e-04 3.417413053212436415e-03 -7.753761884144773093e-04 -6.768858211667532453e-03 -8.119507936839882726e-05 1.040144508703102003e-02 2.427672494038675757e-02 4.075169046260861128e-02 5.871345333738803296e-02 -7.489138227045820384e-02
-2.181336695529009428e-05 6.685991200591169178e-04 -2.244376482428903433e-02 8.093523998558931325e-04 1.144576507437295929e-02 4.815936558542752892e-04 -1.452917045235757945e-02 -3.286357588095369792e-02 -5.343397386213667721e-02 -7.489138227045820384e-02 2.488547625183957501e-01
