# ombh2 omegam H0 Mb w1 w2 w3 w4 w5 w6 gp_sigf
1.928349768657864336e-08 -1.731632721774428750e-07 3.923724394790709905e-06 6.268064595040385543e-08 2.107205743079080846e-07 -1.815136044898882146e-07 3.887229127422872005e-06 1.175622987800085672e-05 1.661432923201308545e-05 1.506051561070388240e-05 -1.325328728410334295e-05
-1.731632721774428750e-07 2.552941450159655501e-05 -2.394484431647893319e-03 -4.653558655109853837e-05 1.398991986434948789e-04 7.273371405961044124e-05 -4.216811918601907970e-05 -2.089897464556098082e-04 -3.219983694303030696e-04 -2.972810846037909210e-04 2.758472302209739207e-04
3.923724394790709905e-06 -2.394484431647893319e-03 2.870536573662276214e-01 5.946445406369997404e-03 -1.658929778706581815e-02 -7.449018092574637151e-03 -7.649013883237082076e-03 -1.408591744624549530e-02 -1.724276723429200853e-02 -1.592055455202751740e-02 1.303356585167435300e-02
6.268064595040385543e-08 -4.653558655109853837e-05 5.946445406369997404e-03 1.660029469293193810e-04 -4.189283591412171296e-05 -2.178650986556073671e-04 -3.906623073825668904e-04 -5.695628161027546221e-04 -6.570136439732137497e-04 -6.000761845626196959e-04 5.435469093530952145e-04
2.107205743079080846e-07 1.398991986434948789e-04 -1.658929778706581468e-02 -4.189283591412170619e-05 5.168026974493531052e-03 -1.286585243189328730e-03 -8.123682920907215627e-04 1.893624942063703957e-03 2.386658193456740913e-03 1.687140472633678672e-03 -2.467573414865291675e-03
-1.815136044898882146e-07 7.273371405961044124e-05 -7.449018092574637151e-03 -2.178650986556073671e-04 -1.286585243189328730e-03 1.689764449477579788e-03 -2.586357598088025243e-05 -3.730069028957168180e-03 -4.906570585074403711e-03 -3.660722085378631183e-03 4.919186313053021745e-03
3.887229127422872005e-06 -4.216811918601907970e-05 -7.649013883237082076e-03 -3.906623073825668904e-04 -8.123682920907215627e-04 -2.586357598088026937e-05 5.094853391114840049e-03 8.441818935099975121e-03 6.402894011332324956e-03 2.820395927272022901e-03 -8.009000133827947482e-03
1.175622987800085672e-05 -2.089897464556098082e-04 -1.408591744624549530e-02 -5.695628161027546221e-04 1.893624942063703957e-03 -3.730069028957168180e-03 8.441818935099973387e-03 3.568478305081175528e-02 4.997229658724883922e-02 4.032824330307549499e-02 -4.266489361143885328e-02
1.661432923201308545e-05 -3.219983694303030696e-04 -1.724276723429200853e-02 -6.570136439732137497e-04 2.386658193456740479e-03 -4.906570585074403711e-03 6.402894011332324956e-03 4.997229658724883922e-02 9.427030008443676445e-02 9.935529748085146495e-02 -6.738992835499026113e-02
1.506051561070388240e-05 -2.972810846037909210e-04 -1.592055455202751740e-02 -6.000761845626198044e-04 1.687140472633678889e-03 -3.660722085378631183e-03 2.820395927272022901e-03 4.032824330307549499e-02 9.935529748085146495e-02 1.384724608754511199e-01 -6.788885712528278105e-02
-1.325328728410334295e-05 2.758472302209739207e-04 1.303356585167435300e-02 5.435469093530952145e-04 -2.467573414865290807e-03 4.919186313053021745e-03 -8.009000133827947482e-03 -4.266489361143885328e-02 -6.738992835499026113e-02 -6.788885712528278105e-02 1.195040710958408386e-01
