# ombh2 omegam H0 w wa Mb
1.809381347858115218e-08 -1.404702839498582281e-07 7.464368772823550509e-06 -1.778976247152292240e-06 1.803871507553556403e-05 1.185498988706246810e-07
-1.404702839498582281e-07 2.625751997960891029e-05 -2.697673192162015291e-03 2.146289500377404993e-04 -9.415179134934072245e-04 -5.144285163971342839e-05
7.464368772823550509e-06 -2.697673192162015291e-03 3.177793485553279673e-01 -2.035952096966498620e-02 6.175224658023763247e-02 6.385160490216913905e-03
-1.778976247152292240e-06 2.146289500377404993e-04 -2.035952096966498620e-02 5.850234907812191035e-03 -3.488783092546082765e-02 -2.505314493968671964e-05
1.803871507553556403e-05 -9.415179134934072245e-04 6.175224658023763247e-02 -3.488783092546082765e-02 2.303582101713323727e-01 -1.314578916423439145e-03
1.185498988706246810e-07 -5.144285163971342839e-05 6.385160490216913905e-03 -2.505314493968671964e-05 -1.314578916423439145e-03 1.741929872027287861e-04
