# ombh2 omegam H0 w wa Mb
1.866616826936868357e-08 -1.281735177568752782e-07 5.002088407582041143e-06 -1.361870796814662929e-06 1.084062629584427523e-05 4.567807936861851056e-08
-1.281735177568752782e-07 2.388113854828140256e-05 -2.363243387025980823e-03 1.614148239795877365e-04 -4.363164075825855357e-04 -4.578837951541919548e-05
5.002088407582041143e-06 -2.363243387025980823e-03 2.775222054003195771e-01 -1.452031056850667384e-02 1.963254166726844177e-02 5.789710238870132003e-03
-1.361870796814662929e-06 1.614148239795877365e-04 -1.452031056850667384e-02 3.101636690049296846e-03 -1.176767033278497757e-02 -5.914363917242521909e-05
1.084062629584427523e-05 -4.363164075825855357e-04 1.963254166726844177e-02 -1.176767033278497757e-02 5.451620460121962136e-02 -6.817108540027288621e-04
4.567807936861851056e-08 -4.578837951541919548e-05 5.789710238870132003e-03 -5.914363917242521909e-05 -6.817108540027288621e-04 1.601254174002112937e-04
